19291
30317
19414
2986
50
27140
27647
9895
30745
30194
648
29777
6790
11945
12715
12113
5008
15280
16230
4090
23370
4514
30576
30323
18256
3449
26994
25
23199
21772
22388
3103
18346
8407
26773
29559
22698
21243
29696
30710
12853
32645
30747
11955
9234
18931
4610
27056
31820
15349
2355
25788
4229
31088
17291
14743
29069
30152
13681
24408
32051
3679
8785
14604
16987
11865
16716
30624
27473
24483
6701
21249
8797
27955
11935
24193
9368
31377
17310
31869
30461
13462
24364
13628
29123
32627
20037
29979
5611
17910
18196
30183
24853
19977
31591
22411
5015
13948
12129
11243
